For Memetic 100D.
A=[0,0,5,-2,-3,-
5,1,2,4,3,3,2,1,1,0,1,1,0,2,3,2,2,2,5,5,5,5,2,2,2,2,1,2,4,4,4,1,1,1,0,0,0,1,2,2,2,1
,1,0,1,0,0,5,-2,-3,-
5,1,2,4,3,3,2,1,1,0,1,1,0,2,3,2,2,2,5,5,5,5,2,2,2,2,1,2,4,4,4,1,1,1,0,0,0,1,2,2,2,1
,1,0,1;0,0,5,-2,-3,-
5,1,2,4,3,3,2,1,1,0,1,1,0,2,3,2,2,2,5,5,5,5,2,2,2,2,1,2,4,4,4,1,1,1,0,0,0,1,2,2,2,1
,1,0,1,0,0,5,-2,-3,-
5,1,2,4,3,3,2,1,1,0,1,1,0,2,3,2,2,2,5,5,5,5,2,2,2,2,1,2,4,4,4,1,1,1,0,0,0,1,2,2,2,1
,1,0,1;0,0,5,-2,-3,-
5,1,2,4,3,3,2,1,1,0,1,1,0,2,3,2,2,2,5,5,5,5,2,2,2,2,1,2,4,4,4,1,1,1,0,0,0,1,2,2,2,1
,1,0,1,0,0,5,-2,-3,-
5,1,2,4,3,3,2,1,1,0,1,1,0,2,3,2,2,2,5,5,5,5,2,2,2,2,1,2,4,4,4,1,1,1,0,0,0,1,2,2,2,1
,1,0,1;0,0,5,-2,-3,-
5,1,2,4,3,3,2,1,1,0,1,1,0,2,3,2,2,2,5,5,5,5,2,2,2,2,1,2,4,4,4,1,1,1,0,0,0,1,2,2,2,1
,1,0,1,0,0,5,-2,-3,-
5,1,2,4,3,3,2,1,1,0,1,1,0,2,3,2,2,2,5,5,5,5,2,2,2,2,1,2,4,4,4,1,1,1,0,0,0,1,2,2,2,1
,1,0,1;0,0,5,-2,-3,-
5,1,2,4,3,3,2,1,1,0,1,1,0,2,3,2,2,2,5,5,5,5,2,2,2,2,1,2,4,4,4,1,1,1,0,0,0,1,2,2,2,1
,1,0,1,0,0,5,-2,-3,-
5,1,2,4,3,3,2,1,1,0,1,1,0,2,3,2,2,2,5,5,5,5,2,2,2,2,1,2,4,4,4,1,1,1,0,0,0,1,2,2,2,1
,1,0,1;0,0,5,-2,-3,-
5,1,2,4,3,3,2,1,1,0,1,1,0,2,3,2,2,2,5,5,5,5,2,2,2,2,1,2,4,4,4,1,1,1,0,0,0,1,2,2,2,1
,1,0,1,0,0,5,-2,-3,-
5,1,2,4,3,3,2,1,1,0,1,1,0,2,3,2,2,2,5,5,5,5,2,2,2,2,1,2,4,4,4,1,1,1,0,0,0,1,2,2,2,1
,1,0,1;0,0,5,-2,-3,-
5,1,2,4,3,3,2,1,1,0,1,1,0,2,3,2,2,2,5,5,5,5,2,2,2,2,1,2,4,4,4,1,1,1,0,0,0,1,2,2,2,1
,1,0,1,0,0,5,-2,-3,-
5,1,2,4,3,3,2,1,1,0,1,1,0,2,3,2,2,2,5,5,5,5,2,2,2,2,1,2,4,4,4,1,1,1,0,0,0,1,2,2,2,1
,1,0,1;0,0,5,-2,-3,-
5,1,2,4,3,3,2,1,1,0,1,1,0,2,3,2,2,2,5,5,5,5,2,2,2,2,1,2,4,4,4,1,1,1,0,0,0,1,2,2,2,1
,1,0,1,0,0,5,-2,-3,-
5,1,2,4,3,3,2,1,1,0,1,1,0,2,3,2,2,2,5,5,5,5,2,2,2,2,1,2,4,4,4,1,1,1,0,0,0,1,2,2,2,1
,1,0,1;0,0,5,-2,-3,-
5,1,2,4,3,3,2,1,1,0,1,1,0,2,3,2,2,2,5,5,5,5,2,2,2,2,1,2,4,4,4,1,1,1,0,0,0,1,2,2,2,1
,1,0,1,0,0,5,-2,-3,-
5,1,2,4,3,3,2,1,1,0,1,1,0,2,3,2,2,2,5,5,5,5,2,2,2,2,1,2,4,4,4,1,1,1,0,0,0,1,2,2,2,1
,1,0,1;0,0,5,-2,-3,-
5,1,2,4,3,3,2,1,1,0,1,1,0,2,3,2,2,2,5,5,5,5,2,2,2,2,1,2,4,4,4,1,1,1,0,0,0,1,2,2,2,1
,1,0,1,0,0,5,-2,-3,-
5,1,2,4,3,3,2,1,1,0,1,1,0,2,3,2,2,2,5,5,5,5,2,2,2,2,1,2,4,4,4,1,1,1,0,0,0,1,2,2,2,1
,1,0,1];
t=1;
v=[0,0,5,-2,-3,-
5,1,2,4,3,3,2,1,1,0,1,1,0,2,3,2,2,2,5,5,5,5,2,2,2,2,1,2,4,4,4,1,1,1,0,0,0,1,2,2,2,1
,1,0,1,0,0,5,-2,-3,-
5,1,2,4,3,3,2,1,1,0,1,1,0,2,3,2,2,2,5,5,5,5,2,2,2,2,1,2,4,4,4,1,1,1,0,0,0,1,2,2,2,1
,1,0,1;0,0,5,-2,-3,-
5,1,2,4,3,3,2,1,1,0,1,1,0,2,3,2,2,2,5,5,5,5,2,2,2,2,1,2,4,4,4,1,1,1,0,0,0,1,2,2,2,1
,1,0,1,0,0,5,-2,-3,-
5,1,2,4,3,3,2,1,1,0,1,1,0,2,3,2,2,2,5,5,5,5,2,2,2,2,1,2,4,4,4,1,1,1,0,0,0,1,2,2,2,1
,1,0,1;0,0,5,-2,-3,-
5,1,2,4,3,3,2,1,1,0,1,1,0,2,3,2,2,2,5,5,5,5,2,2,2,2,1,2,4,4,4,1,1,1,0,0,0,1,2,2,2,1
,1,0,1,0,0,5,-2,-3,-
5,1,2,4,3,3,2,1,1,0,1,1,0,2,3,2,2,2,5,5,5,5,2,2,2,2,1,2,4,4,4,1,1,1,0,0,0,1,2,2,2,1
,1,0,1;0,0,5,-2,-3,-
5,1,2,4,3,3,2,1,1,0,1,1,0,2,3,2,2,2,5,5,5,5,2,2,2,2,1,2,4,4,4,1,1,1,0,0,0,1,2,2,2,1
,1,0,1,0,0,5,-2,-3,-
5,1,2,4,3,3,2,1,1,0,1,1,0,2,3,2,2,2,5,5,5,5,2,2,2,2,1,2,4,4,4,1,1,1,0,0,0,1,2,2,2,1
,1,0,1;0,0,5,-2,-3,-
5,1,2,4,3,3,2,1,1,0,1,1,0,2,3,2,2,2,5,5,5,5,2,2,2,2,1,2,4,4,4,1,1,1,0,0,0,1,2,2,2,1
,1,0,1,0,0,5,-2,-3,-
5,1,2,4,3,3,2,1,1,0,1,1,0,2,3,2,2,2,5,5,5,5,2,2,2,2,1,2,4,4,4,1,1,1,0,0,0,1,2,2,2,1
,1,0,1;0,0,5,-2,-3,-
5,1,2,4,3,3,2,1,1,0,1,1,0,2,3,2,2,2,5,5,5,5,2,2,2,2,1,2,4,4,4,1,1,1,0,0,0,1,2,2,2,1
,1,0,1,0,0,5,-2,-3,-
5,1,2,4,3,3,2,1,1,0,1,1,0,2,3,2,2,2,5,5,5,5,2,2,2,2,1,2,4,4,4,1,1,1,0,0,0,1,2,2,2,1
,1,0,1;0,0,5,-2,-3,-
5,1,2,4,3,3,2,1,1,0,1,1,0,2,3,2,2,2,5,5,5,5,2,2,2,2,1,2,4,4,4,1,1,1,0,0,0,1,2,2,2,1
,1,0,1,0,0,5,-2,-3,-
5,1,2,4,3,3,2,1,1,0,1,1,0,2,3,2,2,2,5,5,5,5,2,2,2,2,1,2,4,4,4,1,1,1,0,0,0,1,2,2,2,1
,1,0,1;0,0,5,-2,-3,-
5,1,2,4,3,3,2,1,1,0,1,1,0,2,3,2,2,2,5,5,5,5,2,2,2,2,1,2,4,4,4,1,1,1,0,0,0,1,2,2,2,1
,1,0,1,0,0,5,-2,-3,-
5,1,2,4,3,3,2,1,1,0,1,1,0,2,3,2,2,2,5,5,5,5,2,2,2,2,1,2,4,4,4,1,1,1,0,0,0,1,2,2,2,1
,1,0,1;0,0,5,-2,-3,-
5,1,2,4,3,3,2,1,1,0,1,1,0,2,3,2,2,2,5,5,5,5,2,2,2,2,1,2,4,4,4,1,1,1,0,0,0,1,2,2,2,1
,1,0,1,0,0,5,-2,-3,-
5,1,2,4,3,3,2,1,1,0,1,1,0,2,3,2,2,2,5,5,5,5,2,2,2,2,1,2,4,4,4,1,1,1,0,0,0,1,2,2,2,1
,1,0,1;0,0,5,-2,-3,-
5,1,2,4,3,3,2,1,1,0,1,1,0,2,3,2,2,2,5,5,5,5,2,2,2,2,1,2,4,4,4,1,1,1,0,0,0,1,2,2,2,1
,1,0,1,0,0,5,-2,-3,-
5,1,2,4,3,3,2,1,1,0,1,1,0,2,3,2,2,2,5,5,5,5,2,2,2,2,1,2,4,4,4,1,1,1,0,0,0,1,2,2,2,1
,1,0,1];
[row, column]=size(A);
Fb=[0,0,5,-2,-3,-
5,1,2,4,3,3,2,1,1,0,1,1,0,2,3,2,2,2,5,5,5,5,2,2,2,2,1,2,4,4,4,1,1,1,0,0,0,1,2,2,2,1
,1,0,1,0,0,5,-2,-3,-
5,1,2,4,3,3,2,1,1,0,1,1,0,2,3,2,2,2,5,5,5,5,2,2,2,2,1,2,4,4,4,1,1,1,0,0,0,1,2,2,2,1
,1,0,1;0,0,5,-2,-3,-
5,1,2,4,3,3,2,1,1,0,1,1,0,2,3,2,2,2,5,5,5,5,2,2,2,2,1,2,4,4,4,1,1,1,0,0,0,1,2,2,2,1
,1,0,1,0,0,5,-2,-3,-
5,1,2,4,3,3,2,1,1,0,1,1,0,2,3,2,2,2,5,5,5,5,2,2,2,2,1,2,4,4,4,1,1,1,0,0,0,1,2,2,2,1
,1,0,1;0,0,5,-2,-3,-
5,1,2,4,3,3,2,1,1,0,1,1,0,2,3,2,2,2,5,5,5,5,2,2,2,2,1,2,4,4,4,1,1,1,0,0,0,1,2,2,2,1
,1,0,1,0,0,5,-2,-3,-
5,1,2,4,3,3,2,1,1,0,1,1,0,2,3,2,2,2,5,5,5,5,2,2,2,2,1,2,4,4,4,1,1,1,0,0,0,1,2,2,2,1
,1,0,1;0,0,5,-2,-3,-
5,1,2,4,3,3,2,1,1,0,1,1,0,2,3,2,2,2,5,5,5,5,2,2,2,2,1,2,4,4,4,1,1,1,0,0,0,1,2,2,2,1
,1,0,1,0,0,5,-2,-3,-
5,1,2,4,3,3,2,1,1,0,1,1,0,2,3,2,2,2,5,5,5,5,2,2,2,2,1,2,4,4,4,1,1,1,0,0,0,1,2,2,2,1
,1,0,1;0,0,5,-2,-3,-
5,1,2,4,3,3,2,1,1,0,1,1,0,2,3,2,2,2,5,5,5,5,2,2,2,2,1,2,4,4,4,1,1,1,0,0,0,1,2,2,2,1
,1,0,1,0,0,5,-2,-3,-
5,1,2,4,3,3,2,1,1,0,1,1,0,2,3,2,2,2,5,5,5,5,2,2,2,2,1,2,4,4,4,1,1,1,0,0,0,1,2,2,2,1
,1,0,1;0,0,5,-2,-3,-
5,1,2,4,3,3,2,1,1,0,1,1,0,2,3,2,2,2,5,5,5,5,2,2,2,2,1,2,4,4,4,1,1,1,0,0,0,1,2,2,2,1
,1,0,1,0,0,5,-2,-3,-
5,1,2,4,3,3,2,1,1,0,1,1,0,2,3,2,2,2,5,5,5,5,2,2,2,2,1,2,4,4,4,1,1,1,0,0,0,1,2,2,2,1
,1,0,1;0,0,5,-2,-3,-
5,1,2,4,3,3,2,1,1,0,1,1,0,2,3,2,2,2,5,5,5,5,2,2,2,2,1,2,4,4,4,1,1,1,0,0,0,1,2,2,2,1
,1,0,1,0,0,5,-2,-3,-
5,1,2,4,3,3,2,1,1,0,1,1,0,2,3,2,2,2,5,5,5,5,2,2,2,2,1,2,4,4,4,1,1,1,0,0,0,1,2,2,2,1
,1,0,1;0,0,5,-2,-3,-
5,1,2,4,3,3,2,1,1,0,1,1,0,2,3,2,2,2,5,5,5,5,2,2,2,2,1,2,4,4,4,1,1,1,0,0,0,1,2,2,2,1
,1,0,1,0,0,5,-2,-3,-
5,1,2,4,3,3,2,1,1,0,1,1,0,2,3,2,2,2,5,5,5,5,2,2,2,2,1,2,4,4,4,1,1,1,0,0,0,1,2,2,2,1
,1,0,1;0,0,5,-2,-3,-
5,1,2,4,3,3,2,1,1,0,1,1,0,2,3,2,2,2,5,5,5,5,2,2,2,2,1,2,4,4,4,1,1,1,0,0,0,1,2,2,2,1
,1,0,1,0,0,5,-2,-3,-
5,1,2,4,3,3,2,1,1,0,1,1,0,2,3,2,2,2,5,5,5,5,2,2,2,2,1,2,4,4,4,1,1,1,0,0,0,1,2,2,2,1
,1,0,1;0,0,5,-2,-3,-
5,1,2,4,3,3,2,1,1,0,1,1,0,2,3,2,2,2,5,5,5,5,2,2,2,2,1,2,4,4,4,1,1,1,0,0,0,1,2,2,2,1
,1,0,1,0,0,5,-2,-3,-
5,1,2,4,3,3,2,1,1,0,1,1,0,2,3,2,2,2,5,5,5,5,2,2,2,2,1,2,4,4,4,1,1,1,0,0,0,1,2,2,2,1
,1,0,1];
gb=[1,1,1,2,2,2,1,1,2,1];
C1=0.1;
C2=0.1;
c=.2;
a=-5;
b=5;
Pc=0.8;
while t<10
for row= 1:10
 if trial2(A(t,:))<trial2(Fb(t,:))
 Fb(t,:)=A(t,:);

 end
 if trial2(Fb(t,:))<trial2(gb)
 gb=Fb(t,:);
 end

end
for row =1:10
 for column=1:100
 %Calculate the inertia
 W=1-((1-0.8).*t)/10;
 %calculate the velocity
 r=rand();
 r2=rand();
 if Pc<r
 Fb(t,:)=Fb(t,:);
 else
 r3=round(9*(rand()+0.1));
 r4=round(9*(rand()+0.1));
 r5=trial(A(r3,:));
 r6=trial(A(r4,:));
 if r5<r6
 Fb(t,:)=Fb(r3,:);
 else
 Fb(t,:)=Fb(r4,:);
 end
 end
 v(t,:)=W*v(t,:) +C1*rand*(Fb(t,:)-A(t,:));
 %update the position
 A(t,:)=A(t,:) + v(t,:);
 funct(A(t,:));
 if max(A(t,:))>b
 A(t,:)=A(t,:) +2*abs(abs(a) - abs(b));
 elseif min(A(t,:))<a
 A(t,:)= A(t,:) - 2*abs(abs(a) +abs(b));
 end

 c=c+1;
 end
end
t=t+1;
end